[rb2310]
secid = RB2310.XSGE
ticker = rb2310
exchangecd = XSGE
secshortname = »¦ÂÝ¸Ö2310
secshortnameen = Steel Rebar 2310
tradedate = 2023-04-25
contractobject = RB
contractmark = nan
presettleprice = 3743
precloseprice = 3714
openprice = 3715
highestprice = 3747
lowestprice = 3680
settleprice = 3719
closeprice = 3685
turnovervol = 1706302
turnovervalue = 63465225640
openint = 2046197
chg = -58
chg1 = -24
chgpct = -0.01549559
maincon = 1
smaincon = 0
hh = 3963.0
lc = 3685.0
hc = 3927.0
ll = 3680.0
accstd = 96.53600364630806
product_id = rb
up_limit_price = 4128
down_limit_price = 3310

[p2309]
secid = P2309.XDCE
ticker = p2309
exchangecd = XDCE
secshortname = Á¬×ØÓÍ2309
secshortnameen = RBD Palm Olein 2309
tradedate = 2023-04-25
contractobject = P
contractmark = L4
presettleprice = 7062
precloseprice = 7000
openprice = 7008
highestprice = 7092
lowestprice = 6986
settleprice = 7034
closeprice = 7044
turnovervol = 680048
turnovervalue = 47846116920
openint = 473929
chg = -18
chg1 = -28
chgpct = -0.00254885
maincon = 1
smaincon = 0
hh = 7442.0
lc = 7000.0
hc = 7386.0
ll = 6970.0
accstd = 151.28119513012854
product_id = p
up_limit_price = 7526
down_limit_price = 6542

[eg2309]
secid = EG2309.XDCE
ticker = eg2309
exchangecd = XDCE
secshortname = Á¬ÒÒ¶þ´¼2309
secshortnameen = Ethylene Glycol 2309
tradedate = 2023-04-25
contractobject = EG
contractmark = nan
presettleprice = 4277
precloseprice = 4231
openprice = 4244
highestprice = 4282
lowestprice = 4228
settleprice = 4251
closeprice = 4239
turnovervol = 295891
turnovervalue = 12581000430
openint = 370244
chg = -38
chg1 = -26
chgpct = -0.00888473
maincon = 1
smaincon = 0
hh = 4370.0
lc = 4231.0
hc = 4350.0
ll = 4200.0
accstd = 31.62751966247057
product_id = eg
up_limit_price = 4548
down_limit_price = 3954

[ag2306]
secid = AG2306.XSGE
ticker = ag2306
exchangecd = XSGE
secshortname = »¦°×Òø2306
secshortnameen = Silver 2306
tradedate = 2023-04-25
contractobject = AG
contractmark = L1
presettleprice = 5612
precloseprice = 5582
openprice = 5614
highestprice = 5682
lowestprice = 5577
settleprice = 5631
closeprice = 5635
turnovervol = 741417
turnovervalue = 62631825840
openint = 493085
chg = 23
chg1 = 19
chgpct = 0.00409836
maincon = 1
smaincon = 0
hh = 5697.0
lc = 5582.0
hc = 5664.0
ll = 5560.0
accstd = 16.79880948162675
product_id = ag
up_limit_price = 6137
down_limit_price = 5125

