[rb2210]
secid = RB2210.XSGE
ticker = rb2210
exchangecd = XSGE
secshortname = »¦ÂÝ¸Ö2210
secshortnameen = Steel Rebar 2210
tradedate = 2022-05-12
contractobject = RB
contractmark = nan
presettleprice = 4658
precloseprice = 4681
openprice = 4670
highestprice = 4731
lowestprice = 4585
settleprice = 4656
closeprice = 4612
turnovervol = 1899655
turnovervalue = 88451438950
openint = 1933319
chg = -46
chg1 = -2
chgpct = -0.00987548
maincon = 1
smaincon = 0
hh = 4953.0
lc = 4607.0
hc = 4923.0
ll = 4531.0
accstd = 134.10070842467613
up_limit_price = 5168
down_limit_price = 4144

[p2209]
secid = P2209.XDCE
ticker = p2209
exchangecd = XDCE
secshortname = Á¬×ØÓÍ2209
secshortnameen = RBD Palm Olein 2209
tradedate = 2022-05-12
contractobject = P
contractmark = L4
presettleprice = 11498
precloseprice = 11580
openprice = 11588
highestprice = 11736
lowestprice = 11390
settleprice = 11568
closeprice = 11400
turnovervol = 854048
turnovervalue = 98796602220
openint = 311585
chg = -98
chg1 = 70
chgpct = -0.00852322
maincon = 1
smaincon = 0
hh = 12270.0
lc = 11552.0
hc = 11884.0
ll = 11308.0
accstd = 193.98762847150869
up_limit_price = 12724
down_limit_price = 10412

[eg2209]
secid = EG2209.XDCE
ticker = eg2209
exchangecd = XDCE
secshortname = Á¬ÒÒ¶þ´¼2209
secshortnameen = Ethylene Glycol 2209
tradedate = 2022-05-12
contractobject = EG
contractmark = L4
presettleprice = 4997
precloseprice = 5036
openprice = 5036
highestprice = 5094
lowestprice = 4971
settleprice = 5023
closeprice = 5015
turnovervol = 453205
turnovervalue = 22764880940
openint = 243365
chg = 18
chg1 = 26
chgpct = 0.00360216
maincon = 1
smaincon = 0
hh = 5140.0
lc = 4976.0
hc = 5083.0
ll = 4847.0
accstd = 52.411830725514065
up_limit_price = 5525
down_limit_price = 4521

