[rb2310]
secid = RB2310.XSGE
ticker = rb2310
exchangecd = XSGE
secshortname = »¦ÂÝ¸Ö2310
secshortnameen = Steel Rebar 2310
tradedate = 2023-04-27
contractobject = RB
contractmark = nan
presettleprice = 3702
precloseprice = 3719
openprice = 3744
highestprice = 3759
lowestprice = 3690
settleprice = 3728
closeprice = 3691
turnovervol = 1710699
turnovervalue = 63776040930
openint = 2003400
chg = -11
chg1 = 26
chgpct = -0.00297137
maincon = 1
smaincon = 0
hh = 3908.0
lc = 3685.0
hc = 3810.0
ll = 3662.0
accstd = 60.00416652200077
product_id = rb
up_limit_price = 4138
down_limit_price = 3318

[p2309]
secid = P2309.XDCE
ticker = p2309
exchangecd = XDCE
secshortname = Á¬×ØÓÍ2309
secshortnameen = RBD Palm Olein 2309
tradedate = 2023-04-27
contractobject = P
contractmark = L4
presettleprice = 7008
precloseprice = 7044
openprice = 7000
highestprice = 7068
lowestprice = 6864
settleprice = 6960
closeprice = 6872
turnovervol = 871459
turnovervalue = 60669086240
openint = 505592
chg = -136
chg1 = -48
chgpct = -0.01940639
maincon = 1
smaincon = 0
hh = 7252.0
lc = 6872.0
hc = 7080.0
ll = 6864.0
accstd = 72.2412624474409
product_id = p
up_limit_price = 7516
down_limit_price = 6404

[eg2309]
secid = EG2309.XDCE
ticker = eg2309
exchangecd = XDCE
secshortname = Á¬ÒÒ¶þ´¼2309
secshortnameen = Ethylene Glycol 2309
tradedate = 2023-04-27
contractobject = EG
contractmark = L4
presettleprice = 4220
precloseprice = 4224
openprice = 4205
highestprice = 4231
lowestprice = 4156
settleprice = 4197
closeprice = 4156
turnovervol = 281573
turnovervalue = 11819793910
openint = 396000
chg = -64
chg1 = -23
chgpct = -0.01516588
maincon = 1
smaincon = 0
hh = 4370.0
lc = 4156.0
hc = 4350.0
ll = 4156.0
accstd = 52.117175671749095
product_id = eg
up_limit_price = 4532
down_limit_price = 3862

[ag2306]
secid = AG2306.XSGE
ticker = ag2306
exchangecd = XSGE
secshortname = »¦°×Òø2306
secshortnameen = Silver 2306
tradedate = 2023-04-27
contractobject = AG
contractmark = L1
presettleprice = 5597
precloseprice = 5615
openprice = 5598
highestprice = 5664
lowestprice = 5590
settleprice = 5629
closeprice = 5636
turnovervol = 733304
turnovervalue = 61922358645
openint = 435048
chg = 39
chg1 = 32
chgpct = 0.00696802
maincon = 1
smaincon = 0
hh = 5697.0
lc = 5582.0
hc = 5636.0
ll = 5553.0
accstd = 20.801442257689637
product_id = ag
up_limit_price = 6248
down_limit_price = 5010

