[rb2210]
secid = RB2210.XSGE
ticker = rb2210
exchangecd = XSGE
secshortname = »¦ÂÝ¸Ö2210
secshortnameen = Steel Rebar 2210
tradedate = 2022-05-24
contractobject = RB
contractmark = L4
presettleprice = 4636
precloseprice = 4604
openprice = 4620
highestprice = 4621
lowestprice = 4456
settleprice = 4552
closeprice = 4468
turnovervol = 1870396
turnovervalue = 85141824760
openint = 2104086
chg = -168
chg1 = -84
chgpct = -0.03623814
maincon = 1
smaincon = 0
hh = 4700.0
lc = 4468.0
hc = 4638.0
ll = 4456.0
accstd = 46.34975728091774
product_id = rb
up_limit_price = 5052
down_limit_price = 4052

[p2209]
secid = P2209.XDCE
ticker = p2209
exchangecd = XDCE
secshortname = Á¬×ØÓÍ2209
secshortnameen = RBD Palm Olein 2209
tradedate = 2022-05-24
contractobject = P
contractmark = L3
presettleprice = 11688
precloseprice = 11716
openprice = 11758
highestprice = 11926
lowestprice = 11670
settleprice = 11806
closeprice = 11880
turnovervol = 691262
turnovervalue = 81618578280
openint = 371527
chg = 192
chg1 = 118
chgpct = 0.0164271
maincon = 1
smaincon = 0
hh = 11926.0
lc = 11514.0
hc = 11880.0
ll = 11210.0
accstd = 157.98354344677875
product_id = p
up_limit_price = 12986
down_limit_price = 10626

[eg2209]
secid = EG2209.XDCE
ticker = eg2209
exchangecd = XDCE
secshortname = Á¬ÒÒ¶þ´¼2209
secshortnameen = Ethylene Glycol 2209
tradedate = 2022-05-24
contractobject = EG
contractmark = L4
presettleprice = 5015
precloseprice = 5045
openprice = 5045
highestprice = 5080
lowestprice = 4898
settleprice = 4991
closeprice = 4899
turnovervol = 361572
turnovervalue = 18049416030
openint = 298727
chg = -116
chg1 = -24
chgpct = -0.02313061
maincon = 1
smaincon = 0
hh = 5152.0
lc = 4899.0
hc = 5091.0
ll = 4898.0
accstd = 50.07294678766081
product_id = eg
up_limit_price = 5490
down_limit_price = 4492

