[rb2210]
secid = RB2210.XSGE
ticker = rb2210
exchangecd = XSGE
secshortname = »¦ÂÝ¸Ö2210
secshortnameen = Steel Rebar 2210
tradedate = 2022-05-26
contractobject = RB
contractmark = L4
presettleprice = 4497
precloseprice = 4541
openprice = 4500
highestprice = 4520
lowestprice = 4427
settleprice = 4475
closeprice = 4505
turnovervol = 2591842
turnovervalue = 115985103330
openint = 2113657
chg = 8
chg1 = -22
chgpct = 0.00177896
maincon = 1
smaincon = 0
hh = 4700.0
lc = 4468.0
hc = 4638.0
ll = 4427.0
accstd = 69.76173736368654
product_id = rb
up_limit_price = 4967
down_limit_price = 3983

[p2209]
secid = P2209.XDCE
ticker = p2209
exchangecd = XDCE
secshortname = Á¬×ØÓÍ2209
secshortnameen = RBD Palm Olein 2209
tradedate = 2022-05-26
contractobject = P
contractmark = L3
presettleprice = 11916
precloseprice = 11870
openprice = 11870
highestprice = 11870
lowestprice = 11658
settleprice = 11766
closeprice = 11808
turnovervol = 640090
turnovervalue = 75323198960
openint = 336266
chg = -108
chg1 = -150
chgpct = -0.00906344
maincon = 1
smaincon = 0
hh = 12014.0
lc = 11716.0
hc = 11880.0
ll = 11210.0
accstd = 177.60292790379367
product_id = p
up_limit_price = 12942
down_limit_price = 10590

[eg2209]
secid = EG2209.XDCE
ticker = eg2209
exchangecd = XDCE
secshortname = Á¬ÒÒ¶þ´¼2209
secshortnameen = Ethylene Glycol 2209
tradedate = 2022-05-26
contractobject = EG
contractmark = L4
presettleprice = 4920
precloseprice = 4922
openprice = 4948
highestprice = 4973
lowestprice = 4862
settleprice = 4912
closeprice = 4971
turnovervol = 326170
turnovervalue = 16023793460
openint = 303181
chg = 51
chg1 = -8
chgpct = 0.01036585
maincon = 1
smaincon = 0
hh = 5080.0
lc = 4899.0
hc = 5045.0
ll = 4862.0
accstd = 51.54318577658842
product_id = eg
up_limit_price = 5403
down_limit_price = 4421

