[rb2210]
secid = RB2210.XSGE
ticker = rb2210
exchangecd = XSGE
secshortname = »¦ÂÝ¸Ö2210
secshortnameen = Steel Rebar 2210
tradedate = 2022-04-28
contractobject = RB
contractmark = nan
presettleprice = 4866
precloseprice = 4864
openprice = 4860
highestprice = 4873
lowestprice = 4784
settleprice = 4831
closeprice = 4850
turnovervol = 1892895
turnovervalue = 91455944760
openint = 1745874
chg = -16
chg1 = -35
chgpct = -0.00328812
maincon = 1
smaincon = 0
hh = 5131.0
lc = 4778.0
hc = 5058.0
ll = 4747.0
accstd = 114.67432144992229
up_limit_price = 5362
down_limit_price = 4300

[p2209]
secid = P2209.XDCE
ticker = p2209
exchangecd = XDCE
secshortname = Á¬×ØÓÍ2209
secshortnameen = RBD Palm Olein 2209
tradedate = 2022-04-28
contractobject = P
contractmark = L4
presettleprice = 11540
precloseprice = 11650
openprice = 12326
highestprice = 12348
lowestprice = 11666
settleprice = 11904
closeprice = 11978
turnovervol = 1039306
turnovervalue = 123722052140
openint = 311704
chg = 438
chg1 = 364
chgpct = 0.03795494
maincon = 1
smaincon = 0
hh = 12008.0
lc = 11078.0
hc = 11650.0
ll = 10888.0
accstd = 213.95607025742433
up_limit_price = 13094
down_limit_price = 10714

