[rb2310]
secid = RB2310.XSGE
ticker = rb2310
exchangecd = XSGE
secshortname = »¦ÂÝ¸Ö2210
secshortnameen = Steel Rebar 2210
tradedate = 2022-01-20
contractobject = RB
contractmark = L4
presettleprice = 3907
precloseprice = 3928
openprice = 3945
highestprice = 3938
lowestprice = 3873
settleprice = 3953
closeprice = 3933
turnovervol = 1731426
turnovervalue = 80712056670
openint = 1783474
chg = -99
chg1 = -55
chgpct = -0.02099237
maincon = 1
smaincon = 0
hh = 4834.0
lc = 4617.0
hc = 4795.0
ll = 4607.0
accstd = 54.979086933123796
product_id = rb
up_limit_price = 4297
down_limit_price = 3516

[p2209]
secid = P2209.XDCE
ticker = p2209
exchangecd = XDCE
secshortname = Á¬×ØÓÍ2209
secshortnameen = RBD Palm Olein 2209
tradedate = 2022-06-14
contractobject = P
contractmark = L3
presettleprice = 11328
precloseprice = 11282
openprice = 11270
highestprice = 11472
lowestprice = 11166
settleprice = 11316
closeprice = 11418
turnovervol = 631668
turnovervalue = 71490675340
openint = 340111
chg = 90
chg1 = -12
chgpct = 0.00794492
maincon = 1
smaincon = 0
hh = 12382.0
lc = 11282.0
hc = 12144.0
ll = 11166.0
accstd = 369.65551531121537
product_id = p
up_limit_price = 12447
down_limit_price = 10185

[eg2209]
secid = EG2209.XDCE
ticker = eg2209
exchangecd = XDCE
secshortname = Á¬ÒÒ¶þ´¼2209
secshortnameen = Ethylene Glycol 2209
tradedate = 2022-06-14
contractobject = EG
contractmark = L3
presettleprice = 5193
precloseprice = 5177
openprice = 5176
highestprice = 5284
lowestprice = 5163
settleprice = 5232
closeprice = 5274
turnovervol = 410319
turnovervalue = 21471473980
openint = 308954
chg = 81
chg1 = 39
chgpct = 0.01559792
maincon = 1
smaincon = 0
hh = 5329.0
lc = 5177.0
hc = 5307.0
ll = 5052.0
accstd = 31.443600302762295
product_id = eg
up_limit_price = 5755
down_limit_price = 4709

[ag2212]
secid = AG2212.XSGE
ticker = ag2212
exchangecd = XSGE
secshortname = »¦°×Òø2212
secshortnameen = Silver 2212
tradedate = 2022-06-14
contractobject = AG
contractmark = nan
presettleprice = 4739
precloseprice = 4738
openprice = 4715
highestprice = 4726
lowestprice = 4623
settleprice = 4657
closeprice = 4663
turnovervol = 627991
turnovervalue = 43877190060
openint = 479436
chg = -76
chg1 = -82
chgpct = -0.01603714
maincon = 1
smaincon = 0
hh = 4818.0
lc = 4663.0
hc = 4811.0
ll = 4623.0
accstd = 57.477821809808354
product_id = ag
up_limit_price = 5122
down_limit_price = 4192

