[rb2310]
secid = RB2310.XSGE
ticker = rb2310
exchangecd = XSGE
secshortname = »¦ÂÝ¸Ö2310
secshortnameen = Steel Rebar 2310
tradedate = 2023-05-11
contractobject = RB
contractmark = nan
presettleprice = 3698
precloseprice = 3688
openprice = 3692
highestprice = 3709
lowestprice = 3591
settleprice = 3635
closeprice = 3600
turnovervol = 2626151
turnovervalue = 95474704370
openint = 2041822
chg = -98
chg1 = -63
chgpct = -0.02650081
maincon = 1
smaincon = 0
hh = 3743.0
lc = 3600.0
hc = 3732.0
ll = 3539.0
accstd = 54.062001442787846
product_id = rb
up_limit_price = 4034
down_limit_price = 3236

[p2309]
secid = P2309.XDCE
ticker = p2309
exchangecd = XDCE
secshortname = Á¬×ØÓÍ2309
secshortnameen = RBD Palm Olein 2309
tradedate = 2023-05-11
contractobject = P
contractmark = L4
presettleprice = 7166
precloseprice = 7090
openprice = 7090
highestprice = 7114
lowestprice = 6898
settleprice = 7008
closeprice = 6906
turnovervol = 958797
turnovervalue = 67201665020
openint = 523883
chg = -260
chg1 = -158
chgpct = -0.03628244
maincon = 1
smaincon = 0
hh = 7266.0
lc = 6906.0
hc = 7202.0
ll = 6896.0
accstd = 94.72697609445831
product_id = p
up_limit_price = 7498
down_limit_price = 6518

[eg2309]
secid = EG2309.XDCE
ticker = eg2309
exchangecd = XDCE
secshortname = Á¬ÒÒ¶þ´¼2309
secshortnameen = Ethylene Glycol 2309
tradedate = 2023-05-11
contractobject = EG
contractmark = L4
presettleprice = 4292
precloseprice = 4282
openprice = 4296
highestprice = 4325
lowestprice = 4260
settleprice = 4288
closeprice = 4277
turnovervol = 327551
turnovervalue = 14046504250
openint = 390514
chg = -15
chg1 = -4
chgpct = -0.00349487
maincon = 1
smaincon = 0
hh = 4339.0
lc = 4220.0
hc = 4320.0
ll = 4136.0
accstd = 55.1389154771832
product_id = eg
up_limit_price = 4588
down_limit_price = 3988

[ag2306]
secid = AG2306.XSGE
ticker = ag2306
exchangecd = XSGE
secshortname = »¦°×Òø2306
secshortnameen = Silver 2306
tradedate = 2023-05-11
contractobject = AG
contractmark = L1
presettleprice = 5746
precloseprice = 5771
openprice = 5798
highestprice = 5811
lowestprice = 5653
settleprice = 5740
closeprice = 5665
turnovervol = 728044
turnovervalue = 62693589450
openint = 340489
chg = -81
chg1 = -6
chgpct = -0.01409676
maincon = 1
smaincon = 0
hh = 5868.0
lc = 5665.0
hc = 5846.0
ll = 5653.0
accstd = 30.980639115421972
product_id = ag
up_limit_price = 6256
down_limit_price = 5224

