[rb2310]
secid = RB2310.XSGE
ticker = rb2310
exchangecd = XSGE
secshortname = »¦ÂÝ¸Ö2310
secshortnameen = Steel Rebar 2310
tradedate = 2023-07-05
contractobject = RB
contractmark = L3
presettleprice = 3771
precloseprice = 3768
openprice = 3768
highestprice = 3780
lowestprice = 3730
settleprice = 3754
closeprice = 3751
turnovervol = 1476438
turnovervalue = 55426104710
openint = 1836969
chg = -20
chg1 = -17
chgpct = -0.00530363
maincon = 1
smaincon = 0
hh = 3793.0
lc = 3721.0
hc = 3768.0
ll = 3700.0
accstd = 18.119050747763023
product_id = rb
up_limit_price = 4166
down_limit_price = 3342

[p2309]
secid = P2309.XDCE
ticker = p2309
exchangecd = XDCE
secshortname = Á¬×ØÓÍ2309
secshortnameen = RBD Palm Olein 2309
tradedate = 2023-07-05
contractobject = P
contractmark = L2
presettleprice = 7620
precloseprice = 7596
openprice = 7576
highestprice = 7648
lowestprice = 7480
settleprice = 7566
closeprice = 7578
turnovervol = 867452
turnovervalue = 65641171700
openint = 468702
chg = -42
chg1 = -54
chgpct = -0.00551181
maincon = 1
smaincon = 0
hh = 7744.0
lc = 7312.0
hc = 7720.0
ll = 7224.0
accstd = 156.02179334951944
product_id = p
up_limit_price = 8095
down_limit_price = 7037

[eg2309]
secid = EG2309.XDCE
ticker = eg2309
exchangecd = XDCE
secshortname = Á¬ÒÒ¶þ´¼2309
secshortnameen = Ethylene Glycol 2309
tradedate = 2023-07-05
contractobject = EG
contractmark = L2
presettleprice = 3985
precloseprice = 3994
openprice = 3990
highestprice = 4011
lowestprice = 3981
settleprice = 3995
closeprice = 4004
turnovervol = 249067
turnovervalue = 9951694590
openint = 489391
chg = 19
chg1 = 10
chgpct = 0.00476788
maincon = 1
smaincon = 0
hh = 4016.0
lc = 3951.0
hc = 4004.0
ll = 3910.0
accstd = 19.67739820199829
product_id = eg
up_limit_price = 4274
down_limit_price = 3716

[ag2312]
secid = AG2312.XSGE
ticker = ag2312
exchangecd = XSGE
secshortname = »¦°×Òø2312
secshortnameen = Silver 2312
tradedate = 2023-07-05
contractobject = AG
contractmark = nan
presettleprice = 5544
precloseprice = 5541
openprice = 5552
highestprice = 5560
lowestprice = 5509
settleprice = 5538
closeprice = 5515
turnovervol = 76679
turnovervalue = 6370328730
openint = 273836
chg = -29
chg1 = -6
chgpct = -0.00523088
maincon = 1
smaincon = 0
hh = 5561.0
lc = 5439.0
hc = 5541.0
ll = 5395.0
accstd = 50.80157477874114
product_id = ag
up_limit_price = 5981
down_limit_price = 5095

