[rb2210]
secid = RB2210.XSGE
ticker = rb2210
exchangecd = XSGE
secshortname = »¦ÂÝ¸Ö2210
secshortnameen = Steel Rebar 2210
tradedate = 2022-05-11
contractobject = RB
contractmark = nan
presettleprice = 4590
precloseprice = 4607
openprice = 4614
highestprice = 4714
lowestprice = 4611
settleprice = 4658
closeprice = 4681
turnovervol = 1540902
turnovervalue = 71786058740
openint = 1932947
chg = 91
chg1 = 68
chgpct = 0.01982571
maincon = 1
smaincon = 0
hh = 4953.0
lc = 4607.0
hc = 4923.0
ll = 4531.0
accstd = 135.99816175228253
up_limit_price = 5170
down_limit_price = 4146

[p2209]
secid = P2209.XDCE
ticker = p2209
exchangecd = XDCE
secshortname = Á¬×ØÓÍ2209
secshortnameen = RBD Palm Olein 2209
tradedate = 2022-05-11
contractobject = P
contractmark = L4
presettleprice = 11488
precloseprice = 11552
openprice = 11520
highestprice = 11668
lowestprice = 11342
settleprice = 11498
closeprice = 11580
turnovervol = 833122
turnovervalue = 95798593160
openint = 320285
chg = 92
chg1 = 10
chgpct = 0.00800836
maincon = 1
smaincon = 0
hh = 12392.0
lc = 11552.0
hc = 12290.0
ll = 11308.0
accstd = 273.75390408174997
up_limit_price = 12647
down_limit_price = 10349

[eg2209]
secid = EG2209.XDCE
ticker = eg2209
exchangecd = XDCE
secshortname = Á¬ÒÒ¶þ´¼2209
secshortnameen = Ethylene Glycol 2209
tradedate = 2022-05-11
contractobject = EG
contractmark = L4
presettleprice = 4947
precloseprice = 5011
openprice = 5030
highestprice = 5082
lowestprice = 4894
settleprice = 4997
closeprice = 5036
turnovervol = 420761
turnovervalue = 21028121460
openint = 248477
chg = 89
chg1 = 50
chgpct = 0.0179907
maincon = 1
smaincon = 0
hh = 5140.0
lc = 4969.0
hc = 5083.0
ll = 4847.0
accstd = 62.858571412337525
up_limit_price = 5496
down_limit_price = 4498

