[rb2210]
secid = RB2210.XSGE
ticker = rb2210
exchangecd = XSGE
secshortname = »¦ÂÝ¸Ö2210
secshortnameen = Steel Rebar 2210
tradedate = 2022-05-13
contractobject = RB
contractmark = nan
presettleprice = 4656
precloseprice = 4612
openprice = 4585
highestprice = 4690
lowestprice = 4555
settleprice = 4615
closeprice = 4670
turnovervol = 1711214
turnovervalue = 78986411680
openint = 1903090
chg = 14
chg1 = -41
chgpct = 0.00300687
maincon = 1
smaincon = 0
hh = 4749.0
lc = 4607.0
hc = 4681.0
ll = 4531.0
accstd = 36.14277244484688
up_limit_price = 5122
down_limit_price = 4108

[p2209]
secid = P2209.XDCE
ticker = p2209
exchangecd = XDCE
secshortname = Á¬×ØÓÍ2209
secshortnameen = RBD Palm Olein 2209
tradedate = 2022-05-13
contractobject = P
contractmark = L4
presettleprice = 11568
precloseprice = 11400
openprice = 11380
highestprice = 11802
lowestprice = 11360
settleprice = 11606
closeprice = 11672
turnovervol = 732838
turnovervalue = 85053523680
openint = 312578
chg = 104
chg1 = 38
chgpct = 0.00899032
maincon = 1
smaincon = 0
hh = 11802.0
lc = 11400.0
hc = 11672.0
ll = 11308.0
accstd = 49.21381919745909
up_limit_price = 12766
down_limit_price = 10446

[eg2209]
secid = EG2209.XDCE
ticker = eg2209
exchangecd = XDCE
secshortname = Á¬ÒÒ¶þ´¼2209
secshortnameen = Ethylene Glycol 2209
tradedate = 2022-05-13
contractobject = EG
contractmark = L4
presettleprice = 5023
precloseprice = 5015
openprice = 5009
highestprice = 5216
lowestprice = 4986
settleprice = 5129
closeprice = 5203
turnovervol = 525133
turnovervalue = 26935961840
openint = 269782
chg = 180
chg1 = 106
chgpct = 0.03583516
maincon = 1
smaincon = 0
hh = 5216.0
lc = 4976.0
hc = 5203.0
ll = 4847.0
accstd = 66.61231117443639
up_limit_price = 5641
down_limit_price = 4617

