[rb2310]
secid = RB2310.XSGE
ticker = rb2310
exchangecd = XSGE
secshortname = »¦ÂÝ¸Ö2310
secshortnameen = Steel Rebar 2310
tradedate = 2023-04-26
contractobject = RB
contractmark = nan
presettleprice = 3719
precloseprice = 3685
openprice = 3670
highestprice = 3736
lowestprice = 3662
settleprice = 3702
closeprice = 3719
turnovervol = 1771843
turnovervalue = 65605085960
openint = 2010382
chg = 0
chg1 = -17
chgpct = 0.0
maincon = 1
smaincon = 0
hh = 3929.0
lc = 3685.0
hc = 3914.0
ll = 3662.0
accstd = 87.4825696924822
product_id = rb
up_limit_price = 4109
down_limit_price = 3295

[p2309]
secid = P2309.XDCE
ticker = p2309
exchangecd = XDCE
secshortname = Á¬×ØÓÍ2309
secshortnameen = RBD Palm Olein 2309
tradedate = 2023-04-26
contractobject = P
contractmark = L4
presettleprice = 7034
precloseprice = 7044
openprice = 7040
highestprice = 7060
lowestprice = 6934
settleprice = 7008
closeprice = 7044
turnovervol = 802115
turnovervalue = 56223668000
openint = 474707
chg = 10
chg1 = -26
chgpct = 0.00142167
maincon = 1
smaincon = 0
hh = 7366.0
lc = 7000.0
hc = 7232.0
ll = 6934.0
accstd = 115.69788243524609
product_id = p
up_limit_price = 7498
down_limit_price = 6518

[eg2309]
secid = EG2309.XDCE
ticker = eg2309
exchangecd = XDCE
secshortname = Á¬ÒÒ¶þ´¼2309
secshortnameen = Ethylene Glycol 2309
tradedate = 2023-04-26
contractobject = EG
contractmark = L4
presettleprice = 4251
precloseprice = 4239
openprice = 4239
highestprice = 4265
lowestprice = 4183
settleprice = 4220
closeprice = 4224
turnovervol = 336277
turnovervalue = 14193401790
openint = 373028
chg = -27
chg1 = -31
chgpct = -0.00635145
maincon = 1
smaincon = 0
hh = 4370.0
lc = 4224.0
hc = 4350.0
ll = 4183.0
accstd = 41.05240553244058
product_id = eg
up_limit_price = 4515
down_limit_price = 3925

[ag2306]
secid = AG2306.XSGE
ticker = ag2306
exchangecd = XSGE
secshortname = »¦°×Òø2306
secshortnameen = Silver 2306
tradedate = 2023-04-26
contractobject = AG
contractmark = L1
presettleprice = 5631
precloseprice = 5635
openprice = 5595
highestprice = 5645
lowestprice = 5553
settleprice = 5597
closeprice = 5615
turnovervol = 788089
turnovervalue = 66174129060
openint = 456774
chg = -16
chg1 = -34
chgpct = -0.00284141
maincon = 1
smaincon = 0
hh = 5697.0
lc = 5582.0
hc = 5664.0
ll = 5553.0
accstd = 24.365959862069758
product_id = ag
up_limit_price = 6100
down_limit_price = 5094

