[rb2310]
secid = RB2310.XSGE
ticker = rb2310
exchangecd = XSGE
secshortname = »¦ÂÝ¸Ö2310
secshortnameen = Steel Rebar 2310
tradedate = 2023-04-24
contractobject = RB
contractmark = nan
presettleprice = 3853
precloseprice = 3810
openprice = 3810
highestprice = 3817
lowestprice = 3690
settleprice = 3743
closeprice = 3714
turnovervol = 2188088
turnovervalue = 81911780270
openint = 2009878
chg = -139
chg1 = -110
chgpct = -0.03607579
maincon = 1
smaincon = 0
hh = 3981.0
lc = 3714.0
hc = 3950.0
ll = 3690.0
accstd = 84.57127171800123
product_id = rb
up_limit_price = 4154
down_limit_price = 3332

[p2309]
secid = P2309.XDCE
ticker = p2309
exchangecd = XDCE
secshortname = Á¬×ØÓÍ2309
secshortnameen = RBD Palm Olein 2309
tradedate = 2023-04-24
contractobject = P
contractmark = L4
presettleprice = 7154
precloseprice = 7080
openprice = 7090
highestprice = 7146
lowestprice = 6970
settleprice = 7062
closeprice = 7000
turnovervol = 763895
turnovervalue = 53954542960
openint = 456652
chg = -154
chg1 = -92
chgpct = -0.02152642
maincon = 1
smaincon = 0
hh = 7442.0
lc = 7000.0
hc = 7386.0
ll = 6970.0
accstd = 125.62324625641556
product_id = p
up_limit_price = 7556
down_limit_price = 6568

[eg2309]
secid = EG2309.XDCE
ticker = eg2309
exchangecd = XDCE
secshortname = Á¬ÒÒ¶þ´¼2309
secshortnameen = Ethylene Glycol 2309
tradedate = 2023-04-24
contractobject = EG
contractmark = nan
presettleprice = 4331
precloseprice = 4350
openprice = 4360
highestprice = 4368
lowestprice = 4214
settleprice = 4277
closeprice = 4231
turnovervol = 518408
turnovervalue = 22172771220
openint = 372110
chg = -100
chg1 = -54
chgpct = -0.02308936
maincon = 1
smaincon = 0
hh = 4370.0
lc = 4231.0
hc = 4350.0
ll = 4200.0
accstd = 30.648001566170066
product_id = eg
up_limit_price = 4576
down_limit_price = 3978

[ag2306]
secid = AG2306.XSGE
ticker = ag2306
exchangecd = XSGE
secshortname = »¦°×Òø2306
secshortnameen = Silver 2306
tradedate = 2023-04-24
contractobject = AG
contractmark = L1
presettleprice = 5652
precloseprice = 5609
openprice = 5650
highestprice = 5675
lowestprice = 5560
settleprice = 5612
closeprice = 5582
turnovervol = 1032480
turnovervalue = 86929427895
openint = 516856
chg = -70
chg1 = -40
chgpct = -0.012385
maincon = 1
smaincon = 0
hh = 5697.0
lc = 5582.0
hc = 5664.0
ll = 5560.0
accstd = 17.888543819998112
product_id = ag
up_limit_price = 6117
down_limit_price = 5107

