[rb2310]
secid = RB2310.XSGE
ticker = rb2310
exchangecd = XSGE
secshortname = »¦ÂÝ¸Ö2310
secshortnameen = Steel Rebar 2310
tradedate = 2023-04-21
contractobject = RB
contractmark = nan
presettleprice = 3899
precloseprice = 3914
openprice = 3904
highestprice = 3908
lowestprice = 3809
settleprice = 3853
closeprice = 3810
turnovervol = 1838698
turnovervalue = 70847599430
openint = 1918659
chg = -89
chg1 = -46
chgpct = -0.02282637
maincon = 1
smaincon = 0
hh = 3981.0
lc = 3810.0
hc = 3950.0
ll = 3809.0
accstd = 38.86772439955792
product_id = rb
up_limit_price = 4276
down_limit_price = 3430

[p2309]
secid = P2309.XDCE
ticker = p2309
exchangecd = XDCE
secshortname = Á¬×ØÓÍ2309
secshortnameen = RBD Palm Olein 2309
tradedate = 2023-04-21
contractobject = P
contractmark = L4
presettleprice = 7292
precloseprice = 7232
openprice = 7220
highestprice = 7252
lowestprice = 7076
settleprice = 7154
closeprice = 7080
turnovervol = 718329
turnovervalue = 51393386060
openint = 437112
chg = -212
chg1 = -138
chgpct = -0.02907296
maincon = 1
smaincon = 0
hh = 7442.0
lc = 7080.0
hc = 7386.0
ll = 7046.0
accstd = 107.78125996665655
product_id = p
up_limit_price = 7654
down_limit_price = 6654

[eg2309]
secid = EG2309.XDCE
ticker = eg2309
exchangecd = XDCE
secshortname = Á¬ÒÒ¶þ´¼2309
secshortnameen = Ethylene Glycol 2309
tradedate = 2023-04-21
contractobject = EG
contractmark = nan
presettleprice = 4258
precloseprice = 4318
openprice = 4318
highestprice = 4370
lowestprice = 4292
settleprice = 4331
closeprice = 4350
turnovervol = 415485
turnovervalue = 17997177300
openint = 373372
chg = 92
chg1 = 73
chgpct = 0.02160639
maincon = 1
smaincon = 0
hh = 4370.0
lc = 4248.0
hc = 4350.0
ll = 4200.0
accstd = 34.15406271587559
product_id = eg
up_limit_price = 4634
down_limit_price = 4028

[ag2306]
secid = AG2306.XSGE
ticker = ag2306
exchangecd = XSGE
secshortname = »¦°×Òø2306
secshortnameen = Silver 2306
tradedate = 2023-04-21
contractobject = AG
contractmark = L1
presettleprice = 5652
precloseprice = 5664
openprice = 5681
highestprice = 5697
lowestprice = 5609
settleprice = 5652
closeprice = 5609
turnovervol = 884454
turnovervalue = 74984198685
openint = 552720
chg = -43
chg1 = 0
chgpct = -0.00760793
maincon = 1
smaincon = 0
hh = 5792.0
lc = 5609.0
hc = 5694.0
ll = 5577.0
accstd = 28.014282071828784
product_id = ag
up_limit_price = 6160
down_limit_price = 5144

