[rb2401]
secid = RB2401.XSGE
ticker = rb2401
exchangecd = XSGE
secshortname = »¦ÂÝ¸Ö2401
secshortnameen = Steel Rebar 2401
tradedate = 2023-11-09
contractobject = RB
contractmark = L2
presettleprice = 3800
precloseprice = 3848
openprice = 3847
highestprice = 3879
lowestprice = 3837
settleprice = 3854
closeprice = 3853
turnovervol = 1553439
turnovervalue = 59879141430
openint = 1639732
chg = 53
chg1 = 54
chgpct = 0.01394737
maincon = 1
smaincon = 0
hh = 3879.0
lc = 3791.0
hc = 3853.0
ll = 3737.0
accstd = 26.85702887513789
product_id = rb
up_limit_price = 4046
down_limit_price = 3662

[p2401]
secid = P2401.XDCE
ticker = p2401
exchangecd = XDCE
secshortname = Á¬×ØÓÍ2401
secshortnameen = RBD Palm Olein 2401
tradedate = 2023-11-09
contractobject = P
contractmark = L2
presettleprice = 7356
precloseprice = 7384
openprice = 7350
highestprice = 7384
lowestprice = 7202
settleprice = 7306
closeprice = 7280
turnovervol = 957449
turnovervalue = 69953444200
openint = 438093
chg = -76
chg1 = -50
chgpct = -0.0103317
maincon = 1
smaincon = 0
hh = 7458.0
lc = 7280.0
hc = 7384.0
ll = 7202.0
accstd = 29.08607914449609
product_id = p
up_limit_price = 7817
down_limit_price = 6795

[eg2401]
secid = EG2401.XDCE
ticker = eg2401
exchangecd = XDCE
secshortname = Á¬ÒÒ¶þ´¼2401
secshortnameen = Ethylene Glycol 2401
tradedate = 2023-11-09
contractobject = EG
contractmark = L2
presettleprice = 4182
precloseprice = 4212
openprice = 4212
highestprice = 4226
lowestprice = 4171
settleprice = 4202
closeprice = 4206
turnovervol = 299554
turnovervalue = 12588545890
openint = 443787
chg = 24
chg1 = 20
chgpct = 0.00573888
maincon = 1
smaincon = 0
hh = 4226.0
lc = 4148.0
hc = 4212.0
ll = 4075.0
accstd = 34.978564864785255
product_id = eg
up_limit_price = 4496
down_limit_price = 3908

[ag2402]
secid = AG2402.XSGE
ticker = ag2402
exchangecd = XSGE
secshortname = »¦°×Òø2402
secshortnameen = Silver 2402
tradedate = 2023-11-09
contractobject = AG
contractmark = L3
presettleprice = 5766
precloseprice = 5753
openprice = 5747
highestprice = 5794
lowestprice = 5717
settleprice = 5761
closeprice = 5731
turnovervol = 793738
turnovervalue = 68601162435
openint = 453960
chg = -35
chg1 = -5
chgpct = -0.00607007
maincon = 1
smaincon = 0
hh = 5906.0
lc = 5731.0
hc = 5876.0
ll = 5717.0
accstd = 53.71405775027576
product_id = ag
up_limit_price = 6164
down_limit_price = 5358

